function [ynew,sinew]=mohinh(siold,uold,rold)
Ad=[0.990000166250001  -0.099500004158333                   0   0.099450187445011
   0.000995000041583   0.999950166665835                   0   0.000049816713323
                   0                   0   0.999000499833375                   0
                   0                   0                   0   0.999000499833375];
Bd=[-0.000995000041583333
    -0.000000498333341653
                        0
                        0];
Cd=[1 0 0 0;0 1 0 0;0 0 1 0];
Gd=[               0   0.000049816713322641
                   0   0.000000016620842637
   0.000999500166625008                   0
                   0   0.000999500166625008];
sinew=Ad*siold+Bd*uold+Gd*rold;
ynew=Cd*siold;
end
